TEAM,GP,G,Freq%,FGM,FGA,FG%,eFG%,2FG Freq%,2FGM,2FGA,2FG%,3FG Freq%,3PM,3PA,3P%
CHI,26,26,30.5,345,754,45.800000000000004,54.900000000000006,13.5,207,334,62.0,17.0,138,420,32.9
ATL,27,27,30.3,332,745,44.6,55.800000000000004,12.1,165,298,55.400000000000006,18.2,167,447,37.4
LAL,26,26,31.2,345,727,47.5,57.4,14.899999999999999,201,347,57.9,16.3,144,380,37.9
IND,26,26,31.4,336,725,46.300000000000004,56.00000000000001,14.799999999999999,196,342,57.3,16.6,140,383,36.6
NYK,26,26,31.5,300,717,41.8,50.6,14.000000000000002,174,319,54.50000000000001,17.5,126,398,31.7
SAS,26,26,30.2,309,712,43.4,51.9,14.7,188,348,54.0,15.4,121,364,33.2
ORL,28,28,30.9,333,701,47.5,57.4,14.499999999999998,194,328,59.099999999999994,16.400000000000002,139,373,37.3
SAC,26,26,30.9,294,701,41.9,52.800000000000004,11.700000000000001,142,266,53.400000000000006,19.2,152,435,34.9
NOP,27,27,28.9,307,700,43.9,52.900000000000006,13.200000000000001,181,319,56.699999999999996,15.7,126,381,33.1
DET,26,26,30.0,307,695,44.2,53.2,13.3,182,307,59.3,16.8,125,388,32.2
PHX,25,25,31.1,312,691,45.2,55.400000000000006,13.900000000000002,170,309,55.00000000000001,17.2,142,382,37.2
POR,26,26,30.099999999999998,316,687,46.0,55.800000000000004,13.700000000000001,181,312,57.99999999999999,16.400000000000002,135,375,36.0
TOR,26,26,29.799999999999997,284,686,41.4,51.0,12.8,152,294,51.7,17.0,132,392,33.7
DAL,26,26,28.9,295,684,43.1,52.0,14.000000000000002,174,332,52.400000000000006,14.899999999999999,121,352,34.4
CLE,26,26,29.599999999999998,288,684,42.1,51.0,14.000000000000002,166,323,51.4,15.6,122,361,33.800000000000004
UTA,24,24,30.7,302,673,44.9,53.300000000000004,14.499999999999998,188,318,59.099999999999994,16.2,114,355,32.1
BOS,26,26,28.299999999999997,272,667,40.8,48.3,14.2,172,334,51.5,14.099999999999998,100,333,30.0
GSW,25,25,30.099999999999998,296,666,44.4,54.800000000000004,12.9,158,285,55.400000000000006,17.2,138,381,36.199999999999996
HOU,26,26,28.599999999999998,275,658,41.8,50.8,13.100000000000001,156,302,51.7,15.5,119,356,33.4
MIN,25,25,29.9,294,651,45.2,53.2,15.4,189,335,56.39999999999999,14.499999999999998,105,316,33.2
MIL,25,25,28.599999999999998,293,642,45.6,55.400000000000006,13.4,168,301,55.800000000000004,15.2,125,341,36.7
LAC,26,26,28.999999999999996,278,635,43.8,53.300000000000004,11.799999999999999,157,259,60.6,17.2,121,376,32.2
MIA,23,23,30.8,262,622,42.1,51.5,12.6,145,254,57.099999999999994,18.2,117,368,31.8
MEM,27,27,24.7,245,614,39.900000000000006,48.5,11.0,139,272,51.1,13.8,106,342,31.0
DEN,23,23,28.499999999999996,273,608,44.9,55.50000000000001,12.1,144,258,55.800000000000004,16.400000000000002,129,350,36.9
WAS,24,24,27.200000000000003,273,597,45.7,54.400000000000006,13.0,170,285,59.599999999999994,14.2,103,312,33.0
CHA,25,25,27.6,265,593,44.7,53.900000000000006,12.3,156,265,58.9,15.299999999999999,109,328,33.2
BKN,25,25,28.1,269,586,45.9,56.00000000000001,12.7,151,266,56.8,15.299999999999999,118,320,36.9
OKC,25,25,26.0,219,553,39.6,49.5,9.700000000000001,110,206,53.400000000000006,16.3,109,347,31.4
PHI,22,22,29.5,222,539,41.199999999999996,50.5,11.600000000000001,122,212,57.49999999999999,17.9,100,327,30.599999999999998
