TEAM,GP,G,Freq%,FGM,FGA,FG%,eFG%,2FG Freq%,2FGM,2FGA,2FG%,3FG Freq%,3PM,3PA,3P%
CHI,71,71,31.4,916,2114,43.3,52.300000000000004,13.5,535,906,59.099999999999994,17.9,381,1208,31.5
MIA,70,70,32.800000000000004,894,2042,43.8,53.800000000000004,13.900000000000002,483,864,55.900000000000006,18.9,411,1178,34.9
DEN,73,73,29.799999999999997,889,1990,44.7,54.800000000000004,13.600000000000001,484,909,53.2,16.2,405,1081,37.5
CLE,71,71,30.9,856,1980,43.2,51.9,15.0,512,961,53.300000000000004,15.9,344,1019,33.800000000000004
POR,72,72,31.1,902,1979,45.6,54.6,14.799999999999999,545,944,57.699999999999996,16.3,357,1035,34.5
DAL,72,72,30.0,891,1979,45.0,53.800000000000004,15.0,544,989,55.00000000000001,15.0,347,990,35.099999999999994
ATL,70,70,30.9,893,1955,45.7,55.7,13.900000000000002,500,878,56.89999999999999,17.0,393,1077,36.5
UTA,71,71,29.7,881,1955,45.1,54.800000000000004,13.0,500,854,58.5,16.7,381,1101,34.599999999999994
LAL,70,70,31.1,890,1943,45.800000000000004,54.800000000000004,14.6,540,916,59.0,16.400000000000002,350,1027,34.1
IND,70,70,31.0,884,1943,45.5,54.900000000000006,14.299999999999999,517,897,57.599999999999994,16.7,367,1046,35.099999999999994
PHX,72,72,29.799999999999997,861,1939,44.4,53.900000000000006,13.5,491,879,55.900000000000006,16.3,370,1060,34.9
MIL,70,70,30.5,828,1937,42.699999999999996,51.6,14.2,486,899,54.1,16.400000000000002,342,1038,32.9
NYK,69,69,31.4,810,1912,42.4,51.2,14.899999999999999,471,909,51.800000000000004,16.5,339,1003,33.800000000000004
SAS,70,70,29.5,859,1910,45.0,53.800000000000004,14.000000000000002,521,910,57.3,15.4,338,1000,33.800000000000004
MIN,73,73,29.7,847,1909,44.4,53.0,14.899999999999999,519,954,54.400000000000006,14.899999999999999,328,955,34.300000000000004
WAS,70,70,28.999999999999996,836,1882,44.4,53.300000000000004,13.5,503,876,57.4,15.5,333,1006,33.1
NOP,72,72,28.799999999999997,845,1877,45.0,54.800000000000004,12.3,477,802,59.5,16.5,368,1075,34.2
DET,71,71,30.2,846,1872,45.2,54.800000000000004,13.600000000000001,485,845,57.4,16.5,361,1027,35.199999999999996
TOR,71,71,29.7,781,1858,42.0,51.6,12.5,427,784,54.50000000000001,17.1,354,1074,33.0
LAC,70,70,30.7,806,1851,43.5,53.300000000000004,13.0,444,781,56.89999999999999,17.8,362,1070,33.800000000000004
SAC,70,70,29.799999999999997,788,1834,43.0,53.300000000000004,12.3,409,760,53.800000000000004,17.4,379,1074,35.3
PHI,72,72,29.299999999999997,823,1816,45.300000000000004,55.60000000000001,12.1,449,750,59.9,17.2,374,1066,35.099999999999994
ORL,71,71,31.5,840,1813,46.300000000000004,55.50000000000001,14.799999999999999,507,854,59.4,16.6,333,959,34.699999999999996
BOS,70,70,29.299999999999997,763,1807,42.199999999999996,49.9,14.2,485,878,55.2,15.0,278,929,29.9
HOU,71,71,28.799999999999997,756,1803,41.9,50.9,13.200000000000001,434,827,52.5,15.6,322,976,33.0
GSW,69,69,29.799999999999997,818,1796,45.5,56.00000000000001,12.8,444,774,57.4,17.0,374,1022,36.6
BKN,71,71,29.9,791,1782,44.4,54.1,12.9,444,771,57.599999999999994,17.0,347,1011,34.300000000000004
MEM,70,70,27.200000000000003,753,1752,43.0,51.4,13.4,459,865,53.1,13.8,294,887,33.1
CHA,70,70,28.1,761,1738,43.8,53.1,12.3,436,762,57.199999999999996,15.8,325,976,33.300000000000004
OKC,70,70,28.1,709,1704,41.6,51.5,11.200000000000001,373,681,54.800000000000004,16.900000000000002,336,1023,32.800000000000004
